0 PS10G 1 0.304273 0.742925
0 PS10G 7 -0.185672 0.883803
0 PS10G 9 -0.132414 0.830545
0 PS10G 11 -0.132414 0.830545
1 PS10G 1 -0.0133719 0.715599
1 PS10G 8 -0.110089 0.808221
1 PS10G 10 -0.132414 0.830545
2 PS10G 2 -0.11381 0.822812
2 PS10G 8 -0.185672 0.883803
3 PS10G 7 -0.0823971 0.780529
3 PS10G 9 -0.0963091 0.794441
3 PS10G 11 -0.0963091 0.794441
4 PS 3 0.0827748 0.615357
4 PS 8 -0.0823971 0.780529
5 PS 3 -0.0917521 0.614191
5 PS 10 -0.0963091 0.794441
6 2S 4 -0.0246209 0.763311
6 2S 5 0.261875 0.403311
7 2S 5 -0.0542445 0.715509
8 2S 6 0.0410126 0.730605
9 2S 6 -0.0428961 0.693862
9 2S 9 -0.0676705 0.765802
10 2S 7 -0.0648206 0.762952
10 2S 10 -0.0676705 0.765802
11 2S 8 -0.0648206 0.762952
11 2S 11 -0.0676705 0.765802
12 neg_PS10G 1 -0.023281 0.372347
12 neg_PS10G 7 -0.185672 0.883803
12 neg_PS10G 9 -0.132414 0.830545
12 neg_PS10G 11 -0.132414 0.830545
13 neg_PS10G 1 -0.0133719 0.715599
13 neg_PS10G 8 -0.110089 0.808221
13 neg_PS10G 10 -0.132414 0.830545
14 neg_PS10G 2 -0.115834 0.813823
14 neg_PS10G 8 -0.185672 0.883803
15 neg_PS10G 7 -0.0823971 0.780529
15 neg_PS10G 9 -0.0963091 0.794441
15 neg_PS10G 11 -0.0963091 0.794441
16 neg_PS 3 -0.0961318 0.445198
16 neg_PS 8 -0.0823971 0.780529
17 neg_PS 3 -0.0917521 0.614191
17 neg_PS 10 -0.0963091 0.794441
18 neg_2S 4 -0.0246209 0.763311
18 neg_2S 5 0.261875 0.403311
19 neg_2S 5 -0.0542445 0.715509
20 neg_2S 6 0.0410126 0.730605
21 neg_2S 6 -0.0428961 0.693862
21 neg_2S 9 -0.06767 0.765802
22 neg_2S 7 -0.0648201 0.762952
22 neg_2S 10 -0.06767 0.765802
23 neg_2S 8 -0.0648201 0.762952
23 neg_2S 11 -0.06767 0.765802
